129.787979
76.956062
128.614380
76.172668
128.863464
75.232506
128.681976
73.669769
128.667236
72.375755
127.737869
71.570129
130.462280
76.492065
128.490875
75.562958
128.205475
73.744751
128.561584
72.497757
128.020691
70.982101
128.425125
70.013130
129.257538
75.224800
127.781166
73.916039
128.213028
72.585274
128.207367
71.321121
128.106888
70.517166
128.024734
69.089249
125.303986
73.844475
128.618866
72.384560
125.934204
69.690491
127.401581
68.996803
127.313919
68.135887
127.183395
66.891998
127.122986
70.911758
127.612633
69.202255
126.903885
67.533379
127.507095
66.510773
129.025955
66.515640
126.542191
65.753693
125.009361
65.358704
131.849304
65.383667
124.579498
65.460098
129.703568
65.089745
124.492752
64.848068
128.733902
64.454178
161.148956
80.509293
103.127586
78.489288
160.514404
78.584290
102.640167
77.710892
160.008743
77.006607
103.125336
77.330093
160.576981
79.765366
104.804428
77.811401
160.096924
77.917709
104.295258
77.433708
159.842316
76.569580
104.674210
76.420654
162.111267
80.346100
103.509277
78.734467
161.743820
78.126968
103.255859
76.724258
161.226807
75.841225
104.680016
75.400032
162.564423
79.449150
102.540962
78.098175
161.960785
77.715332
104.621826
76.050674
160.222504
75.979187
106.380737
75.519958
163.320618
78.850830
102.753418
77.261063
162.371368
76.567802
105.537682
74.491241
159.978180
74.130630
107.535454
74.010971
162.907852
78.084122
103.869102
76.619072
161.588394
76.478416
106.110748
74.338562
158.586182
74.600838
108.807259
74.740730
131.974564
99.976593
126.972046
100.055603
131.314590
101.376183
127.188263
101.823372
131.086716
102.787880
128.375229
102.952545
132.890472
99.890511
127.220039
99.370079
132.622940
100.937775
127.439354
101.681526
132.227249
102.403496
127.409813
103.505112
131.730881
99.207024
126.534958
99.762726
131.818024
100.696762
127.118011
101.740860
131.535645
102.528275
128.149811
102.624344
131.248566
99.626869
126.314919
99.722511
130.833099
100.146179
127.056656
101.124588
130.523727
102.063072
127.050888
102.556534
130.837677
100.691116
125.633408
100.655350
129.959137
101.267319
126.712578
101.593719
129.196869
102.121262
127.045349
102.512238
130.736359
102.417221
127.864807
102.645561
129.587891
102.787186
128.717575
102.325768
129.106308
103.612099
128.224854
103.190186
158.047943
118.732681
103.056351
118.855026
157.907440
118.820999
103.036446
117.411552
159.458481
114.440018
104.188408
110.131905
155.644043
118.499237
103.006882
118.608696
157.463943
117.108292
101.962296
115.221848
161.039154
111.525398
102.516220
107.767029
158.753433
118.409660
101.511810
116.264954
158.519623
113.971191
101.331337
111.815727
160.174072
108.601562
102.638092
106.137054
157.649872
117.361893
101.667603
113.773529
159.411682
111.746834
101.985107
108.871658
161.119461
106.554642
103.924789
104.404793
159.736115
115.001442
102.238281
111.314560
158.901016
109.534042
103.614120
106.521065
158.686279
104.561577
104.714149
102.631454
160.315643
112.518120
103.591324
109.604767
159.684708
107.352127
103.096436
104.453659
159.354019
103.052422
104.505371
101.110184
110.542854
114.300438
153.669144
116.044380
106.483498
118.872574
158.507629
120.569901
105.706467
122.020607
159.412384
123.218758
107.327377
118.085205
157.525497
120.357689
104.496933
121.793579
160.258362
122.922798
103.077148
124.433853
160.572510
124.286369
104.799606
120.953323
157.754898
123.404465
102.829819
125.450256
159.799271
125.274231
102.211182
124.727943
161.171249
123.441978
104.359703
121.844078
158.359314
124.873604
102.713531
126.042343
160.324219
125.537506
102.609161
123.478569
161.690002
121.377029
104.326630
123.561577
156.854889
124.286438
102.018280
124.611160
159.292252
123.073059
103.657379
119.570251
160.562439
117.156418
106.485344
122.793442
158.041412
122.739105
104.594452
121.691727
160.375275
119.558899
105.055328
116.257751
160.713547
114.885445
127.000198
79.311829
130.736664
82.830078
129.580124
89.391464
128.687729
95.541817
130.573486
105.250496
127.410591
111.027512
128.614563
79.871376
130.050018
82.885735
130.126068
88.834641
128.175598
94.828728
130.033234
104.953033
127.732079
111.003944
128.016083
80.561012
129.689484
82.867012
129.839935
87.496971
127.025864
93.398346
130.330963
103.504807
127.309631
109.932808
127.344193
81.334885
128.835266
82.703110
128.417542
86.523239
126.714340
91.846710
129.035019
102.039848
127.580994
108.927353
127.105530
81.243988
128.609314
82.083000
128.558990
85.721321
125.600105
90.060913
129.707108
100.051331
126.770355
108.249664
126.692871
81.377831
129.200287
81.450111
128.098862
84.580582
127.058548
88.667763
128.749115
98.069374
128.318268
106.845596
126.477432
58.607346
126.991989
58.269226
128.367172
56.551765
126.127968
54.781631
129.669556
54.310825
127.276184
53.652542
127.759560
58.127663
126.939789
56.350380
128.950989
55.456593
125.532883
54.343193
129.536118
53.292011
126.614456
52.926342
126.669403
56.551449
128.721848
54.942635
128.155594
53.644958
127.485870
52.260529
128.862793
50.732590
126.748230
50.331966
126.525711
56.590122
129.159363
54.427555
127.115952
52.890060
126.891495
51.823997
127.498459
50.225414
126.451195
50.003342
126.742950
57.454296
128.176819
55.586834
126.449837
53.489548
127.881607
53.238914
126.481972
51.550743
128.526093
50.436264
126.328041
58.319901
128.436340
56.363304
125.470299
55.942226
127.780525
55.229740
125.828476
54.094315
128.037781
53.365723
122.031921
183.239532
134.439697
184.809357
122.178177
186.380920
135.220886
185.593597
123.775650
184.865875
135.630234
183.537857
124.798409
174.386185
137.540283
179.608063
123.070045
183.573181
138.650421
183.947906
122.152779
183.808975
139.736115
182.547882
129.550247
170.889038
132.249863
176.230072
126.898575
180.564651
134.037552
181.330322
126.028900
181.315063
136.943848
181.214966
126.019859
171.772552
133.610535
177.243973
123.979416
181.254044
135.836426
181.504608
122.384155
180.609497
137.545380
180.338181
124.507042
175.065613
132.137070
180.047272
121.886482
181.391357
136.587204
181.484833
120.435730
181.569305
139.691696
181.117188
122.014153
179.387650
134.884293
183.594757
119.175659
184.298813
137.146164
183.141083
119.779846
182.109344
137.729553
180.970306
133.303574
32.020317
128.599335
39.614723
131.583282
51.324097
128.084717
64.792458
127.501030
74.639679
125.708725
78.595139
130.891006
33.002022
129.142242
43.558083
131.016312
57.946735
126.714943
74.562485
129.786621
84.799286
121.816864
91.052361
131.799103
37.485371
129.321167
50.181179
130.389008
67.499748
127.123901
83.599731
128.339844
91.377380
125.182068
96.245804
133.199524
47.287663
128.509109
64.746773
132.035645
81.398499
125.907623
92.642014
130.041702
97.410774
124.612602
101.084808
131.766571
62.009338
131.204636
78.380127
128.407715
90.861046
128.824341
96.306671
126.772072
100.327164
129.900269
102.562119
131.443390
78.713715
131.041382
90.027084
127.703278
97.637993
128.483734
99.949783
128.164551
101.379074
128.503815
102.582855
128.500732
114.946922
130.966644
113.400726
129.252274
109.863091
130.851379
103.514771
128.036484
93.876923
132.320099
83.061356
126.524994
115.621613
131.791534
114.103714
127.527512
111.833160
130.461670
105.261871
128.124603
92.496368
131.150665
82.367973
129.418869
116.501671
129.350754
115.421249
129.092133
112.811165
129.150803
107.407318
129.565277
93.859177
129.860229
84.478607
129.102890
116.470490
129.406647
115.285904
128.178360
112.977539
129.464493
108.477325
127.964447
96.545570
131.573654
87.409882
130.546616
117.080566
128.533478
116.243378
129.887436
114.377724
128.903229
111.184296
128.947052
101.448357
129.391266
95.947426
129.054626
118.302505
130.305054
117.503700
126.983368
117.352715
129.691406
114.622971
125.542809
106.685410
128.374237
101.588623
129.625977
122.081680
131.265823
120.997368
129.520355
120.275597
131.864594
120.299011
129.678329
119.831833
131.676208
119.986847
128.187164
122.057732
132.335739
121.875572
127.735931
120.921577
132.597168
121.453453
128.646027
121.199318
132.610001
120.763573
129.718384
120.768364
132.817627
120.730957
129.502670
120.295517
132.721466
120.539658
130.730042
120.968491
132.467819
120.167740
130.632935
119.140930
133.173798
118.945404
129.293381
118.699150
132.874619
118.772911
129.480225
119.899498
132.672882
119.223228
130.831299
118.311691
131.320312
118.292648
129.470886
117.672516
131.418762
118.227432
130.041199
119.722168
132.068024
119.007050
129.282806
117.678162
130.833099
117.734810
128.757446
117.987717
132.151215
118.678482
129.557266
119.593010
131.497910
119.340080
125.168671
42.474201
133.563385
44.774326
124.834312
47.920341
132.202118
50.453979
124.396568
52.445805
130.601135
52.471275
125.374222
41.707848
130.952286
42.634567
125.635880
44.171894
128.715836
47.164505
126.511703
47.118332
126.620209
49.112640
123.082611
39.286026
133.529785
38.834457
123.264153
38.660439
133.481003
38.915707
124.055298
39.064800
133.255707
39.580208
125.550835
37.098389
128.915482
35.916206
125.841370
35.501671
129.986252
33.648228
127.190903
32.935654
131.042953
32.828331
124.521141
34.255043
130.796295
32.166897
125.291840
30.887009
132.956497
28.308626
125.038391
27.371086
134.748367
27.428598
124.278671
30.941612
132.125092
29.631695
124.474312
29.021179
133.997070
27.417433
124.779602
26.995493
135.073303
27.108318
129.818695
111.343338
131.986084
116.500366
130.907928
124.186501
131.524551
127.626495
127.922150
132.489197
132.909363
134.531158
125.655258
119.232735
134.135651
121.777779
128.384247
124.117241
132.327988
126.009109
128.339478
127.865311
131.749420
128.372452
123.866074
117.927475
134.303253
118.179260
125.900047
118.838959
133.098480
118.116623
126.450523
118.343025
133.126526
117.715210
123.003922
109.991913
134.308746
106.902237
125.466980
102.738647
133.820160
100.961403
128.578186
101.072136
133.232529
101.766792
122.987740
101.816833
134.911850
96.745331
124.806145
90.091751
134.440018
89.025871
127.866631
90.752144
133.344818
94.539551
125.093582
98.305481
131.404999
92.878517
126.000885
86.198036
131.046631
84.806015
128.839020
86.528282
130.185242
90.937332
132.226227
76.554222
123.342285
87.373718
131.425842
94.115005
124.054276
99.131073
130.578979
100.494080
127.369064
102.037613
131.214554
57.831081
130.172363
71.203537
130.389435
83.061485
128.212555
92.936569
130.378143
96.900261
127.670395
100.854851
133.805145
46.292370
127.298508
58.284195
134.307846
70.883461
124.523491
83.342880
133.720901
89.293594
124.098679
95.207588
128.724365
38.322308
132.117538
46.686165
128.927124
56.667873
129.615997
70.141815
131.427567
79.697220
127.010147
87.971802
131.186813
32.948902
130.991760
38.817474
131.241058
47.289928
129.058792
60.347805
130.672150
75.183052
127.030884
84.202698
127.238838
30.760124
134.604004
33.904106
125.654366
41.115871
133.259705
55.847103
125.028732
70.554810
129.444275
80.755478
143.104294
102.486244
116.829666
107.875069
153.073853
109.239319
110.051460
111.274422
159.262772
110.734482
106.772163
109.090103
142.168610
98.314728
119.105545
105.313293
153.101379
106.338623
110.971825
109.386002
160.221024
109.144165
106.192375
108.595383
136.373779
92.890610
123.627380
99.638039
146.826889
102.554451
113.429916
107.555344
156.798691
108.245941
106.834099
108.969536
134.642120
90.797157
124.764343
95.936417
143.458496
100.168320
117.734985
105.131729
154.446594
106.356522
112.261620
108.722755
132.256790
86.461044
127.791374
90.975815
137.223083
93.576805
120.589294
99.685059
147.184509
103.454865
113.142525
106.814743
132.225143
83.400024
128.386902
86.668129
137.725861
90.176003
122.953484
95.850861
146.681076
100.684784
116.141846
105.501488
126.500450
36.067413
131.546936
36.076080
126.551727
35.493866
134.743652
35.833366
125.578697
37.317799
135.409119
46.509766
125.649544
37.435162
134.166718
37.393929
125.682724
37.321568
139.505127
39.347969
122.817673
45.403454
140.164276
55.857197
125.400551
39.734398
134.861389
40.435608
125.747696
42.172279
136.960846
49.300133
126.167496
56.547867
135.881531
64.716736
123.129929
41.393063
140.742493
44.882744
122.327744
49.637100
142.026978
59.776485
123.075882
64.472000
138.505920
70.947098
123.138123
49.346390
135.835419
56.446423
123.610527
63.198090
134.463959
71.931084
125.404724
75.017761
131.946228
78.283646
119.431831
59.421448
138.263245
67.859337
119.161545
73.113472
134.295593
80.636261
122.632591
81.057465
131.850647
83.213432
136.589203
31.039713
123.153259
30.000544
135.443481
29.598385
123.308289
29.898949
135.183289
28.990444
122.702957
29.573076
137.558701
29.642696
123.274651
28.067745
136.577209
28.858133
124.119995
28.376703
135.986328
27.486620
123.644157
28.169075
136.452240
29.298748
123.656036
28.573170
135.662079
29.172836
123.985832
28.733284
135.820404
27.893684
123.160477
28.695282
136.791306
29.871460
123.662689
29.268444
136.015244
29.470289
123.802322
29.640444
135.670563
29.199297
122.615082
30.064796
134.802429
31.339817
123.281754
30.771454
135.709091
30.489700
123.073273
30.796494
135.209198
30.701691
122.201584
31.330452
134.362915
33.404579
122.356842
33.009514
134.822189
32.810150
121.528252
32.739014
134.339340
32.752136
122.040543
32.271088
124.359329
101.627228
128.368317
86.381668
124.978409
73.790977
132.873688
60.409325
126.008118
54.098186
134.749084
48.644684
125.253632
117.498123
128.294479
108.198776
124.918846
97.311096
130.016235
81.065735
126.661934
68.299889
133.439087
57.050125
127.278931
125.729347
128.186768
121.029068
127.110153
114.169922
127.944168
102.734596
127.721581
90.180878
130.535385
75.920410
127.924301
128.489655
127.517433
127.073753
127.283928
123.348534
126.488800
118.884575
126.559158
111.676376
126.695168
99.974106
127.912529
131.193970
127.748192
130.655365
127.216766
129.212402
126.416214
125.617447
126.776230
122.878525
124.169144
117.492538
128.252319
131.220383
127.254700
131.609985
127.569817
131.011398
127.008926
129.359711
127.169754
127.650406
126.706749
123.991013
125.139740
76.664207
135.875580
83.495796
117.285446
94.110893
144.432068
100.018692
111.431602
105.660980
151.836777
108.414246
116.518822
90.659882
144.169739
97.522743
108.403397
104.594498
152.818451
107.722046
105.725136
111.244492
158.210922
113.956726
115.790344
100.293396
146.001282
104.177185
112.269920
108.395355
151.986603
111.636772
110.829529
114.804413
155.001587
116.574051
107.779541
107.433304
156.327728
111.281471
106.324837
114.293015
159.513092
116.117859
106.609558
119.154755
159.078934
119.396271
107.595039
111.664764
154.787552
113.809647
104.647240
116.840553
158.415955
118.676888
103.549194
120.022537
159.935516
120.204590
102.103500
116.761215
158.008316
118.564476
100.598053
120.865471
159.425079
120.693962
101.727295
119.798172
160.494049
118.407951
126.098167
115.012993
124.621338
109.381180
126.463165
100.000595
125.055977
86.639915
127.679802
73.563889
128.553986
63.539921
128.288879
116.392380
126.303947
116.969040
123.144554
116.575500
125.800583
110.618195
120.414360
101.496490
126.779648
87.794167
127.626328
113.908188
127.568146
119.279724
126.242790
121.008072
124.165932
121.154999
125.953720
118.357986
123.250206
110.282410
132.213348
102.653885
125.289597
114.137253
128.732346
120.169289
125.794876
123.022995
125.358032
123.694870
128.097961
122.111435
129.912079
82.922287
129.471191
100.535469
127.822784
115.765915
127.066666
121.776047
126.036377
124.430756
127.300575
125.592133
132.623138
60.587151
127.224640
82.271820
131.125061
101.035423
124.655800
114.965996
128.520416
120.781097
124.747086
124.750313
130.669006
95.264221
129.413345
106.178238
129.543915
115.732277
130.180496
119.357834
128.342682
122.125504
129.548126
122.273773
127.965805
91.504852
130.270859
103.708801
128.275757
115.164825
130.604691
119.624870
129.390656
122.459846
129.408798
123.214874
128.878326
90.325851
129.067215
102.766281
128.347473
114.618225
129.556183
119.182373
128.741119
122.239426
129.105392
123.217407
130.226364
89.935318
129.213531
101.666748
129.361633
114.563080
129.327072
119.262695
129.069229
122.501831
129.208420
124.314880
130.301743
91.547318
129.355896
101.943108
129.378693
113.681908
129.481308
118.956940
129.319855
122.371971
128.489258
123.647758
130.473206
93.449432
127.938774
102.691322
128.950531
114.274353
128.372253
120.172226
128.709641
123.668839
128.356766
124.475891
101.218300
93.642227
159.965073
93.554321
101.378448
92.759064
160.296539
92.439430
103.877525
91.822052
160.494110
91.813217
100.786652
92.852814
160.976654
92.802338
100.297386
92.762169
160.608231
92.613571
102.820969
92.661789
160.290955
92.127762
102.494240
92.315491
159.750504
92.103149
102.187286
92.659134
161.401642
92.979393
104.698364
92.434402
161.319611
92.706055
104.036385
92.314499
158.897766
91.735016
103.059593
92.431824
161.308685
92.791031
101.784607
92.875320
161.794052
93.203384
104.586441
92.751640
160.200745
92.365921
103.894073
92.633499
161.296783
91.965004
102.839981
93.231209
161.356232
92.153122
105.929932
92.884521
159.131378
92.558510
105.764206
92.573456
160.068420
92.430153
104.453903
93.073761
160.022766
92.322021
126.716049
109.552879
131.813141
102.638855
124.623337
91.817253
133.578705
79.073975
126.081230
67.806686
132.677460
60.979279
126.479553
113.079041
128.172852
104.934547
124.653503
90.240189
130.148849
75.442978
124.653191
65.311653
131.125320
59.908485
123.528069
114.943611
132.218246
106.772148
121.078583
89.808762
133.258484
72.323090
123.605637
57.740543
132.280396
51.222672
123.262375
113.505676
132.052307
104.289871
120.528259
84.740646
133.457687
63.292862
123.742538
48.620956
134.027512
40.965919
124.922340
110.279572
132.510315
96.833969
123.941650
76.464005
133.479065
56.556679
126.913177
43.651474
130.888947
36.344414
122.746216
104.982086
134.446320
88.673660
121.362457
69.258659
133.922638
55.334541
124.587379
42.859787
130.900330
36.061962
132.115021
110.440842
126.619354
109.941208
131.685318
109.358833
126.856628
110.537918
130.462265
110.486870
128.098953
109.838959
132.126022
110.145187
127.299026
109.722725
132.378876
109.140839
127.553757
109.669983
131.077087
109.625908
127.804008
109.086937
129.486221
108.854836
128.549347
109.097641
130.058243
109.157333
128.222824
109.779861
129.854126
109.619637
127.487808
109.439247
128.976105
109.144791
127.982056
109.048126
129.320343
109.704483
128.574524
110.211578
129.617218
109.931404
128.387985
109.441360
128.694580
108.992523
128.438492
108.968124
128.630997
109.237473
128.947754
109.721474
129.602203
109.369011
129.464188
108.913300
129.388123
108.058968
128.412430
108.233963
129.356842
108.951614
128.618835
109.784424
129.977448
109.358932
129.288757
108.892250
130.619095
94.102119
132.010971
94.079865
130.328598
93.998077
130.927429
93.947739
129.459320
93.523193
129.823212
92.977066
129.477036
94.208252
131.535416
94.888626
129.407944
93.701355
130.419968
93.906815
129.077438
93.130669
129.565552
92.636505
130.670334
94.272118
130.174942
93.581940
130.357666
92.615906
130.145279
92.711044
129.274246
92.919228
129.557419
93.573586
129.633072
94.221222
129.149384
93.373886
129.797714
92.780937
129.302673
92.839455
128.876831
92.239044
128.981705
92.728600
130.363861
93.058151
127.984161
92.156677
130.256821
92.075500
129.024902
92.600197
129.516220
91.734680
128.926331
92.232658
131.385727
92.544846
127.616028
91.952370
130.682358
91.886223
130.119812
92.012878
128.778229
90.975784
131.444794
91.413315
103.599083
117.371490
160.233627
114.339561
104.201424
110.279327
160.266174
108.672707
104.224136
107.098251
160.138260
105.792526
105.509399
114.585815
159.132721
112.143768
105.708038
108.856583
158.650330
106.862274
104.983177
104.727783
158.429520
103.622314
104.422028
111.873718
159.630249
109.829491
104.710587
107.694870
159.254913
105.622437
103.786217
103.485718
159.211334
102.109268
105.404747
109.235748
159.147324
108.095482
104.957283
105.866852
159.140411
104.477661
103.467987
101.276924
159.187729
99.797867
104.271706
107.055893
160.940887
106.044739
102.952278
103.946198
160.597336
102.611938
102.169922
99.572426
160.200256
98.103729
104.068710
105.114731
159.680496
104.238464
102.062164
101.955208
160.371994
100.920776
102.768250
98.537247
160.083817
97.311081
157.701294
94.516830
103.681351
91.532944
155.773331
88.649109
106.665207
80.060013
150.572357
71.651192
113.884148
61.160637
159.881500
95.396881
104.828461
94.418243
158.413589
91.932419
104.597488
87.624184
155.334366
81.268608
108.988800
70.326828
159.433228
95.682053
103.276443
95.159897
159.401474
93.253090
103.444679
90.908348
156.606888
86.590958
108.155693
76.817184
160.880280
95.039932
103.707870
95.423920
160.974899
94.610878
102.077682
92.510468
158.765182
89.335426
104.553040
84.015503
160.641251
94.544899
105.539413
95.149994
160.732010
94.372780
104.153809
93.349907
159.410858
91.142876
105.552979
86.884033
161.085068
93.845291
104.603806
93.770172
160.783981
93.573196
104.127335
93.709579
160.248001
92.360336
105.042511
89.769623
160.177414
97.078117
104.874390
96.664139
159.990021
96.701355
102.862114
96.017845
158.865601
96.479027
103.247520
95.729507
158.243317
96.053871
105.344933
95.626465
158.348694
95.019318
104.241272
94.832939
159.006134
95.352036
104.723572
94.736626
159.378036
95.509979
102.113037
95.428711
159.041473
95.145813
102.154541
94.904831
159.067291
95.143478
102.869949
94.651367
160.101654
95.632217
100.941010
95.659508
159.517639
95.614456
100.824539
95.439941
159.710968
95.782440
101.185089
94.678497
159.488403
95.436356
100.786942
95.732719
158.968994
95.666191
100.980515
95.583656
158.648743
95.814354
102.162224
94.653976
158.520386
94.530396
101.153564
95.608788
159.331085
95.757378
102.169662
95.785492
158.719894
95.887589
103.600105
94.695526
129.285431
128.769897
129.630966
129.227814
130.676453
129.924164
128.657379
129.961700
130.143173
130.589722
129.344559
130.319778
129.873978
128.183167
129.101105
129.347443
131.131866
129.916336
128.563660
129.320602
131.107468
130.049133
129.283691
129.626389
130.735428
128.541565
128.651855
129.734314
130.751495
130.052704
128.605713
130.161102
131.263763
130.402298
129.219299
129.895233
132.699615
128.315140
127.611328
129.345520
132.147552
129.985306
127.448540
129.901947
131.918869
130.692230
128.151215
129.703339
131.351761
128.205048
127.643036
129.210785
131.917542
129.575226
126.777061
129.553757
132.363892
130.529602
128.310211
129.968124
131.564285
127.946777
127.409744
128.446487
131.560028
128.831329
126.961502
129.472961
132.377945
129.968781
128.009216
130.057892
127.605217
17.143532
128.399979
16.998352
128.308685
16.995434
128.160156
17.041557
127.258408
16.969727
128.192429
16.640415
127.473015
17.058502
128.998810
17.333210
127.736778
17.253464
128.181458
17.025276
126.785301
16.861416
128.049072
16.594706
126.826744
16.908298
129.056564
16.829277
126.497452
16.772959
128.484985
16.642529
125.985916
16.927439
128.583130
16.410627
126.116066
17.353827
131.266418
17.235239
125.979630
16.614494
129.568146
16.606565
125.967476
17.083517
128.797028
16.340879
126.531357
17.233280
130.965820
17.390669
126.803162
16.827820
129.620697
17.146267
127.221558
17.093021
128.634186
16.341612
126.482544
17.168358
130.456345
17.098471
126.569473
17.409464
129.871399
17.051052
127.012085
17.057911
129.630997
16.439598
